% 2023/8/21 陈东
%基本符号 
% 分号 ；续行号 ...

a=9*9
b=a;
a=[1,2,3,4,5,6,7,8,9,10,11,12,13,14,15,16,17,...
18,19,20,21,22,23,24,25]
